{
 "cells": [
  {
   "cell_type": "code",
   "execution_count": 47,
   "id": "f6257877-10a2-4aa5-bdd0-afa4d4548154",
   "metadata": {},
   "outputs": [
    {
     "name": "stdout",
     "output_type": "stream",
     "text": [
      "    House_ID Location  Size_in_sq_ft  Price_in_USD  Year_Built\n",
      "0          1    Rural           2827        494070        1974\n",
      "1          2    Urban           3495        452228        1967\n",
      "2          3    Rural           2295        531839        2015\n",
      "3          4    Rural           1962        369536        2003\n",
      "4          5    Urban           2322        417824        1984\n",
      "..       ...      ...            ...           ...         ...\n",
      "95        96    Urban           2960        601157        1974\n",
      "96        97    Urban            801        284423        2007\n",
      "97        98    Rural           1441        616349        2012\n",
      "98        99    Urban           3067        803714        2011\n",
      "99       100    Urban           2389        757917        1971\n",
      "\n",
      "[100 rows x 5 columns]\n",
      "RangeIndex(start=0, stop=100, step=1)\n",
      "Index(['House_ID', 'Location', 'Size_in_sq_ft', 'Price_in_USD', 'Year_Built'], dtype='object')\n",
      "         House_ID  Size_in_sq_ft   Price_in_USD   Year_Built\n",
      "count  100.000000      100.00000     100.000000   100.000000\n",
      "mean    50.500000     2265.85000  535829.990000  1986.260000\n",
      "std     29.011492      722.33975  244860.305987    19.000595\n",
      "min      1.000000      801.00000  108155.000000  1951.000000\n",
      "25%     25.750000     1668.25000  351861.250000  1971.000000\n",
      "50%     50.500000     2295.50000  510148.000000  1983.000000\n",
      "75%     75.250000     2785.25000  757223.750000  2003.000000\n",
      "max    100.000000     3495.00000  987121.000000  2018.000000\n"
     ]
    }
   ],
   "source": [
    "import pandas as pd\n",
    "csv_1=pd.read_csv(\"C:\\\\Users\\\\ishig\\\\anaconda_projects\\\\housing_prices.csv\")\n",
    "print(csv_1)\n",
    "print(csv_1.index)\n",
    "\n",
    "print(csv_1.columns)\n",
    "#max min ....\n",
    "print(csv_1.describe())"
   ]
  },
  {
   "cell_type": "code",
   "execution_count": 49,
   "id": "a070e4d7-008d-4643-ac67-696aa711c087",
   "metadata": {},
   "outputs": [
    {
     "name": "stdout",
     "output_type": "stream",
     "text": [
      "    House_ID Location  Size_in_sq_ft  Price_in_USD  Year_Built\n",
      "0          1    Rural           2827        494070        1974\n",
      "1          2    Urban           3495        452228        1967\n",
      "2          3    Rural           2295        531839        2015\n",
      "3          4    Rural           1962        369536        2003\n",
      "4          5    Urban           2322        417824        1984\n",
      "..       ...      ...            ...           ...         ...\n",
      "95        96    Urban           2960        601157        1974\n",
      "96        97    Urban            801        284423        2007\n",
      "97        98    Rural           1441        616349        2012\n",
      "98        99    Urban           3067        803714        2011\n",
      "99       100    Urban           2389        757917        1971\n",
      "\n",
      "[100 rows x 5 columns]\n"
     ]
    },
    {
     "data": {
      "text/html": [
       "<div>\n",
       "<style scoped>\n",
       "    .dataframe tbody tr th:only-of-type {\n",
       "        vertical-align: middle;\n",
       "    }\n",
       "\n",
       "    .dataframe tbody tr th {\n",
       "        vertical-align: top;\n",
       "    }\n",
       "\n",
       "    .dataframe thead th {\n",
       "        text-align: right;\n",
       "    }\n",
       "</style>\n",
       "<table border=\"1\" class=\"dataframe\">\n",
       "  <thead>\n",
       "    <tr style=\"text-align: right;\">\n",
       "      <th></th>\n",
       "      <th>House_ID</th>\n",
       "      <th>Location</th>\n",
       "      <th>Size_in_sq_ft</th>\n",
       "      <th>Price_in_USD</th>\n",
       "      <th>Year_Built</th>\n",
       "    </tr>\n",
       "  </thead>\n",
       "  <tbody>\n",
       "    <tr>\n",
       "      <th>51</th>\n",
       "      <td>52</td>\n",
       "      <td>Urban</td>\n",
       "      <td>2522</td>\n",
       "      <td>987121</td>\n",
       "      <td>2012</td>\n",
       "    </tr>\n",
       "    <tr>\n",
       "      <th>52</th>\n",
       "      <td>53</td>\n",
       "      <td>Suburban</td>\n",
       "      <td>2619</td>\n",
       "      <td>373255</td>\n",
       "      <td>1981</td>\n",
       "    </tr>\n",
       "    <tr>\n",
       "      <th>53</th>\n",
       "      <td>54</td>\n",
       "      <td>Urban</td>\n",
       "      <td>3425</td>\n",
       "      <td>399648</td>\n",
       "      <td>1982</td>\n",
       "    </tr>\n",
       "    <tr>\n",
       "      <th>54</th>\n",
       "      <td>55</td>\n",
       "      <td>Suburban</td>\n",
       "      <td>3404</td>\n",
       "      <td>757162</td>\n",
       "      <td>2016</td>\n",
       "    </tr>\n",
       "    <tr>\n",
       "      <th>55</th>\n",
       "      <td>56</td>\n",
       "      <td>Rural</td>\n",
       "      <td>2397</td>\n",
       "      <td>108155</td>\n",
       "      <td>1967</td>\n",
       "    </tr>\n",
       "    <tr>\n",
       "      <th>56</th>\n",
       "      <td>57</td>\n",
       "      <td>Rural</td>\n",
       "      <td>3493</td>\n",
       "      <td>566872</td>\n",
       "      <td>1974</td>\n",
       "    </tr>\n",
       "    <tr>\n",
       "      <th>57</th>\n",
       "      <td>58</td>\n",
       "      <td>Urban</td>\n",
       "      <td>1595</td>\n",
       "      <td>925816</td>\n",
       "      <td>2003</td>\n",
       "    </tr>\n",
       "    <tr>\n",
       "      <th>58</th>\n",
       "      <td>59</td>\n",
       "      <td>Rural</td>\n",
       "      <td>1851</td>\n",
       "      <td>474705</td>\n",
       "      <td>2007</td>\n",
       "    </tr>\n",
       "    <tr>\n",
       "      <th>59</th>\n",
       "      <td>60</td>\n",
       "      <td>Rural</td>\n",
       "      <td>2443</td>\n",
       "      <td>671542</td>\n",
       "      <td>2016</td>\n",
       "    </tr>\n",
       "    <tr>\n",
       "      <th>60</th>\n",
       "      <td>61</td>\n",
       "      <td>Suburban</td>\n",
       "      <td>2163</td>\n",
       "      <td>908350</td>\n",
       "      <td>1995</td>\n",
       "    </tr>\n",
       "  </tbody>\n",
       "</table>\n",
       "</div>"
      ],
      "text/plain": [
       "    House_ID  Location  Size_in_sq_ft  Price_in_USD  Year_Built\n",
       "51        52     Urban           2522        987121        2012\n",
       "52        53  Suburban           2619        373255        1981\n",
       "53        54     Urban           3425        399648        1982\n",
       "54        55  Suburban           3404        757162        2016\n",
       "55        56     Rural           2397        108155        1967\n",
       "56        57     Rural           3493        566872        1974\n",
       "57        58     Urban           1595        925816        2003\n",
       "58        59     Rural           1851        474705        2007\n",
       "59        60     Rural           2443        671542        2016\n",
       "60        61  Suburban           2163        908350        1995"
      ]
     },
     "execution_count": 49,
     "metadata": {},
     "output_type": "execute_result"
    }
   ],
   "source": [
    "csv_1.head(2)\n",
    "csv_1.tail(20)\n",
    "csv_1=pd.read_csv(\"C:\\\\Users\\\\ishig\\\\anaconda_projects\\\\housing_prices.csv\")\n",
    "print(csv_1)\n",
    "\n",
    "csv_1[:5]\n",
    "csv_1[51:61]\n"
   ]
  },
  {
   "cell_type": "code",
   "execution_count": 51,
   "id": "ad4e67a4-adb6-4490-a22f-4b3e45863431",
   "metadata": {},
   "outputs": [
    {
     "data": {
      "text/plain": [
       "<NumpyExtensionArray>\n",
       "[ 0,  1,  2,  3,  4,  5,  6,  7,  8,  9, 10, 11, 12, 13, 14, 15, 16, 17, 18,\n",
       " 19, 20, 21, 22, 23, 24, 25, 26, 27, 28, 29, 30, 31, 32, 33, 34, 35, 36, 37,\n",
       " 38, 39, 40, 41, 42, 43, 44, 45, 46, 47, 48, 49, 50, 51, 52, 53, 54, 55, 56,\n",
       " 57, 58, 59, 60, 61, 62, 63, 64, 65, 66, 67, 68, 69, 70, 71, 72, 73, 74, 75,\n",
       " 76, 77, 78, 79, 80, 81, 82, 83, 84, 85, 86, 87, 88, 89, 90, 91, 92, 93, 94,\n",
       " 95, 96, 97, 98, 99]\n",
       "Length: 100, dtype: int64"
      ]
     },
     "execution_count": 51,
     "metadata": {},
     "output_type": "execute_result"
    }
   ],
   "source": [
    "csv_1.index.array"
   ]
  },
  {
   "cell_type": "code",
   "execution_count": 53,
   "id": "6a5a8c28-ace7-4414-bdd7-9c298890cf87",
   "metadata": {},
   "outputs": [
    {
     "data": {
      "text/plain": [
       "array([[1, 'Rural', 2827, 494070, 1974],\n",
       "       [2, 'Urban', 3495, 452228, 1967],\n",
       "       [3, 'Rural', 2295, 531839, 2015],\n",
       "       [4, 'Rural', 1962, 369536, 2003],\n",
       "       [5, 'Urban', 2322, 417824, 1984],\n",
       "       [6, 'Urban', 3440, 357426, 2010],\n",
       "       [7, 'Rural', 1191, 277789, 1990],\n",
       "       [8, 'Suburban', 2498, 613153, 1982],\n",
       "       [9, 'Rural', 1218, 842452, 2017],\n",
       "       [10, 'Rural', 3136, 937291, 1982],\n",
       "       [11, 'Rural', 1178, 225657, 1963],\n",
       "       [12, 'Rural', 2596, 335167, 1970],\n",
       "       [13, 'Urban', 3078, 781669, 1997],\n",
       "       [14, 'Rural', 2888, 580671, 1969],\n",
       "       [15, 'Suburban', 2982, 819094, 1957],\n",
       "       [16, 'Urban', 1000, 170467, 1956],\n",
       "       [17, 'Suburban', 2663, 283734, 2016],\n",
       "       [18, 'Suburban', 1579, 722794, 1966],\n",
       "       [19, 'Suburban', 1302, 209751, 1982],\n",
       "       [20, 'Suburban', 3254, 481050, 1997],\n",
       "       [21, 'Urban', 2551, 911774, 2008],\n",
       "       [22, 'Urban', 1604, 792517, 1971],\n",
       "       [23, 'Suburban', 2946, 561079, 1979],\n",
       "       [24, 'Suburban', 2695, 468452, 1987],\n",
       "       [25, 'Urban', 2370, 206081, 2000],\n",
       "       [26, 'Urban', 1760, 713333, 2003],\n",
       "       [27, 'Urban', 3460, 658986, 1957],\n",
       "       [28, 'Rural', 2285, 210078, 1976],\n",
       "       [29, 'Rural', 3490, 967055, 1976],\n",
       "       [30, 'Rural', 1828, 122671, 1970],\n",
       "       [31, 'Suburban', 1302, 518400, 1979],\n",
       "       [32, 'Rural', 1197, 455528, 1977],\n",
       "       [33, 'Suburban', 1670, 710490, 2013],\n",
       "       [34, 'Suburban', 1192, 151663, 2018],\n",
       "       [35, 'Rural', 1006, 115708, 2010],\n",
       "       [36, 'Suburban', 1838, 978338, 1997],\n",
       "       [37, 'Rural', 2681, 411955, 1968],\n",
       "       [38, 'Rural', 2284, 233883, 1953],\n",
       "       [39, 'Urban', 1663, 418394, 1984],\n",
       "       [40, 'Rural', 1363, 212547, 2013],\n",
       "       [41, 'Urban', 1820, 659042, 1998],\n",
       "       [42, 'Rural', 895, 851102, 1966],\n",
       "       [43, 'Rural', 2723, 862002, 1993],\n",
       "       [44, 'Urban', 2557, 242483, 1979],\n",
       "       [45, 'Urban', 3332, 758271, 1995],\n",
       "       [46, 'Rural', 3078, 314835, 1955],\n",
       "       [47, 'Suburban', 2478, 501896, 1986],\n",
       "       [48, 'Urban', 1340, 184896, 1973],\n",
       "       [49, 'Suburban', 1859, 577095, 1995],\n",
       "       [50, 'Suburban', 3372, 171295, 2002],\n",
       "       [51, 'Suburban', 1983, 843974, 2009],\n",
       "       [52, 'Urban', 2522, 987121, 2012],\n",
       "       [53, 'Suburban', 2619, 373255, 1981],\n",
       "       [54, 'Urban', 3425, 399648, 1982],\n",
       "       [55, 'Suburban', 3404, 757162, 2016],\n",
       "       [56, 'Rural', 2397, 108155, 1967],\n",
       "       [57, 'Rural', 3493, 566872, 1974],\n",
       "       [58, 'Urban', 1595, 925816, 2003],\n",
       "       [59, 'Rural', 1851, 474705, 2007],\n",
       "       [60, 'Rural', 2443, 671542, 2016],\n",
       "       [61, 'Suburban', 2163, 908350, 1995],\n",
       "       [62, 'Urban', 2781, 710269, 1973],\n",
       "       [63, 'Suburban', 2154, 654594, 1981],\n",
       "       [64, 'Suburban', 2463, 247718, 1996],\n",
       "       [65, 'Suburban', 2329, 408987, 1972],\n",
       "       [66, 'Suburban', 2838, 745263, 2015],\n",
       "       [67, 'Suburban', 2296, 458745, 1976],\n",
       "       [68, 'Suburban', 3037, 207512, 1951],\n",
       "       [69, 'Suburban', 2208, 247443, 1966],\n",
       "       [70, 'Urban', 2200, 570587, 1982],\n",
       "       [71, 'Rural', 2106, 473616, 1958],\n",
       "       [72, 'Suburban', 3480, 757409, 1992],\n",
       "       [73, 'Suburban', 3475, 786976, 1997],\n",
       "       [74, 'Suburban', 1772, 465871, 1988],\n",
       "       [75, 'Suburban', 2568, 475037, 1991],\n",
       "       [76, 'Suburban', 2082, 907364, 1975],\n",
       "       [77, 'Suburban', 1509, 217796, 1999],\n",
       "       [78, 'Rural', 2279, 391999, 1974],\n",
       "       [79, 'Rural', 2234, 292506, 1973],\n",
       "       [80, 'Suburban', 1448, 798376, 1962],\n",
       "       [81, 'Rural', 1117, 369544, 2009],\n",
       "       [82, 'Urban', 2057, 480002, 1956],\n",
       "       [83, 'Suburban', 1483, 798002, 2006],\n",
       "       [84, 'Urban', 1463, 639439, 1985],\n",
       "       [85, 'Urban', 2798, 690978, 1994],\n",
       "       [86, 'Suburban', 2431, 628787, 1969],\n",
       "       [87, 'Rural', 2295, 630583, 2014],\n",
       "       [88, 'Urban', 1936, 488215, 1957],\n",
       "       [89, 'Suburban', 2653, 421184, 1965],\n",
       "       [90, 'Urban', 2320, 898615, 1963],\n",
       "       [91, 'Urban', 3289, 522515, 1964],\n",
       "       [92, 'Urban', 1363, 768234, 2015],\n",
       "       [93, 'Urban', 2091, 478480, 1981],\n",
       "       [94, 'Rural', 2436, 132711, 2012],\n",
       "       [95, 'Urban', 1498, 891971, 2000],\n",
       "       [96, 'Urban', 2960, 601157, 1974],\n",
       "       [97, 'Urban', 801, 284423, 2007],\n",
       "       [98, 'Rural', 1441, 616349, 2012],\n",
       "       [99, 'Urban', 3067, 803714, 2011],\n",
       "       [100, 'Urban', 2389, 757917, 1971]], dtype=object)"
      ]
     },
     "execution_count": 53,
     "metadata": {},
     "output_type": "execute_result"
    }
   ],
   "source": [
    "csv_1.to_numpy()"
   ]
  },
  {
   "cell_type": "code",
   "execution_count": 55,
   "id": "6d7eeb2d-7492-411e-af33-55fede5ae587",
   "metadata": {},
   "outputs": [
    {
     "data": {
      "text/html": [
       "<div>\n",
       "<style scoped>\n",
       "    .dataframe tbody tr th:only-of-type {\n",
       "        vertical-align: middle;\n",
       "    }\n",
       "\n",
       "    .dataframe tbody tr th {\n",
       "        vertical-align: top;\n",
       "    }\n",
       "\n",
       "    .dataframe thead th {\n",
       "        text-align: right;\n",
       "    }\n",
       "</style>\n",
       "<table border=\"1\" class=\"dataframe\">\n",
       "  <thead>\n",
       "    <tr style=\"text-align: right;\">\n",
       "      <th></th>\n",
       "      <th>House_ID</th>\n",
       "      <th>Location</th>\n",
       "      <th>Size_in_sq_ft</th>\n",
       "      <th>Price_in_USD</th>\n",
       "      <th>Year_Built</th>\n",
       "    </tr>\n",
       "  </thead>\n",
       "  <tbody>\n",
       "    <tr>\n",
       "      <th>99</th>\n",
       "      <td>100</td>\n",
       "      <td>Urban</td>\n",
       "      <td>2389</td>\n",
       "      <td>757917</td>\n",
       "      <td>1971</td>\n",
       "    </tr>\n",
       "    <tr>\n",
       "      <th>98</th>\n",
       "      <td>99</td>\n",
       "      <td>Urban</td>\n",
       "      <td>3067</td>\n",
       "      <td>803714</td>\n",
       "      <td>2011</td>\n",
       "    </tr>\n",
       "    <tr>\n",
       "      <th>97</th>\n",
       "      <td>98</td>\n",
       "      <td>Rural</td>\n",
       "      <td>1441</td>\n",
       "      <td>616349</td>\n",
       "      <td>2012</td>\n",
       "    </tr>\n",
       "    <tr>\n",
       "      <th>96</th>\n",
       "      <td>97</td>\n",
       "      <td>Urban</td>\n",
       "      <td>801</td>\n",
       "      <td>284423</td>\n",
       "      <td>2007</td>\n",
       "    </tr>\n",
       "    <tr>\n",
       "      <th>95</th>\n",
       "      <td>96</td>\n",
       "      <td>Urban</td>\n",
       "      <td>2960</td>\n",
       "      <td>601157</td>\n",
       "      <td>1974</td>\n",
       "    </tr>\n",
       "    <tr>\n",
       "      <th>...</th>\n",
       "      <td>...</td>\n",
       "      <td>...</td>\n",
       "      <td>...</td>\n",
       "      <td>...</td>\n",
       "      <td>...</td>\n",
       "    </tr>\n",
       "    <tr>\n",
       "      <th>4</th>\n",
       "      <td>5</td>\n",
       "      <td>Urban</td>\n",
       "      <td>2322</td>\n",
       "      <td>417824</td>\n",
       "      <td>1984</td>\n",
       "    </tr>\n",
       "    <tr>\n",
       "      <th>3</th>\n",
       "      <td>4</td>\n",
       "      <td>Rural</td>\n",
       "      <td>1962</td>\n",
       "      <td>369536</td>\n",
       "      <td>2003</td>\n",
       "    </tr>\n",
       "    <tr>\n",
       "      <th>2</th>\n",
       "      <td>3</td>\n",
       "      <td>Rural</td>\n",
       "      <td>2295</td>\n",
       "      <td>531839</td>\n",
       "      <td>2015</td>\n",
       "    </tr>\n",
       "    <tr>\n",
       "      <th>1</th>\n",
       "      <td>2</td>\n",
       "      <td>Urban</td>\n",
       "      <td>3495</td>\n",
       "      <td>452228</td>\n",
       "      <td>1967</td>\n",
       "    </tr>\n",
       "    <tr>\n",
       "      <th>0</th>\n",
       "      <td>1</td>\n",
       "      <td>Rural</td>\n",
       "      <td>2827</td>\n",
       "      <td>494070</td>\n",
       "      <td>1974</td>\n",
       "    </tr>\n",
       "  </tbody>\n",
       "</table>\n",
       "<p>100 rows × 5 columns</p>\n",
       "</div>"
      ],
      "text/plain": [
       "    House_ID Location  Size_in_sq_ft  Price_in_USD  Year_Built\n",
       "99       100    Urban           2389        757917        1971\n",
       "98        99    Urban           3067        803714        2011\n",
       "97        98    Rural           1441        616349        2012\n",
       "96        97    Urban            801        284423        2007\n",
       "95        96    Urban           2960        601157        1974\n",
       "..       ...      ...            ...           ...         ...\n",
       "4          5    Urban           2322        417824        1984\n",
       "3          4    Rural           1962        369536        2003\n",
       "2          3    Rural           2295        531839        2015\n",
       "1          2    Urban           3495        452228        1967\n",
       "0          1    Rural           2827        494070        1974\n",
       "\n",
       "[100 rows x 5 columns]"
      ]
     },
     "execution_count": 55,
     "metadata": {},
     "output_type": "execute_result"
    }
   ],
   "source": [
    "csv_1.sort_index(axis=0,ascending=False)"
   ]
  },
  {
   "cell_type": "code",
   "execution_count": null,
   "id": "c35fcd6e-3d22-47cc-941e-f5f616d4db56",
   "metadata": {},
   "outputs": [],
   "source": []
  },
  {
   "cell_type": "code",
   "execution_count": 57,
   "id": "04cab158-e28c-45cf-9f05-ffb71601267f",
   "metadata": {},
   "outputs": [
    {
     "data": {
      "text/html": [
       "<div>\n",
       "<style scoped>\n",
       "    .dataframe tbody tr th:only-of-type {\n",
       "        vertical-align: middle;\n",
       "    }\n",
       "\n",
       "    .dataframe tbody tr th {\n",
       "        vertical-align: top;\n",
       "    }\n",
       "\n",
       "    .dataframe thead th {\n",
       "        text-align: right;\n",
       "    }\n",
       "</style>\n",
       "<table border=\"1\" class=\"dataframe\">\n",
       "  <thead>\n",
       "    <tr style=\"text-align: right;\">\n",
       "      <th></th>\n",
       "      <th>Year_Built</th>\n",
       "      <th>Size_in_sq_ft</th>\n",
       "      <th>Price_in_USD</th>\n",
       "      <th>Location</th>\n",
       "      <th>House_ID</th>\n",
       "    </tr>\n",
       "  </thead>\n",
       "  <tbody>\n",
       "    <tr>\n",
       "      <th>0</th>\n",
       "      <td>1974</td>\n",
       "      <td>2827</td>\n",
       "      <td>494070</td>\n",
       "      <td>Rural</td>\n",
       "      <td>1</td>\n",
       "    </tr>\n",
       "    <tr>\n",
       "      <th>1</th>\n",
       "      <td>1967</td>\n",
       "      <td>3495</td>\n",
       "      <td>452228</td>\n",
       "      <td>Urban</td>\n",
       "      <td>2</td>\n",
       "    </tr>\n",
       "    <tr>\n",
       "      <th>2</th>\n",
       "      <td>2015</td>\n",
       "      <td>2295</td>\n",
       "      <td>531839</td>\n",
       "      <td>Rural</td>\n",
       "      <td>3</td>\n",
       "    </tr>\n",
       "    <tr>\n",
       "      <th>3</th>\n",
       "      <td>2003</td>\n",
       "      <td>1962</td>\n",
       "      <td>369536</td>\n",
       "      <td>Rural</td>\n",
       "      <td>4</td>\n",
       "    </tr>\n",
       "    <tr>\n",
       "      <th>4</th>\n",
       "      <td>1984</td>\n",
       "      <td>2322</td>\n",
       "      <td>417824</td>\n",
       "      <td>Urban</td>\n",
       "      <td>5</td>\n",
       "    </tr>\n",
       "    <tr>\n",
       "      <th>...</th>\n",
       "      <td>...</td>\n",
       "      <td>...</td>\n",
       "      <td>...</td>\n",
       "      <td>...</td>\n",
       "      <td>...</td>\n",
       "    </tr>\n",
       "    <tr>\n",
       "      <th>95</th>\n",
       "      <td>1974</td>\n",
       "      <td>2960</td>\n",
       "      <td>601157</td>\n",
       "      <td>Urban</td>\n",
       "      <td>96</td>\n",
       "    </tr>\n",
       "    <tr>\n",
       "      <th>96</th>\n",
       "      <td>2007</td>\n",
       "      <td>801</td>\n",
       "      <td>284423</td>\n",
       "      <td>Urban</td>\n",
       "      <td>97</td>\n",
       "    </tr>\n",
       "    <tr>\n",
       "      <th>97</th>\n",
       "      <td>2012</td>\n",
       "      <td>1441</td>\n",
       "      <td>616349</td>\n",
       "      <td>Rural</td>\n",
       "      <td>98</td>\n",
       "    </tr>\n",
       "    <tr>\n",
       "      <th>98</th>\n",
       "      <td>2011</td>\n",
       "      <td>3067</td>\n",
       "      <td>803714</td>\n",
       "      <td>Urban</td>\n",
       "      <td>99</td>\n",
       "    </tr>\n",
       "    <tr>\n",
       "      <th>99</th>\n",
       "      <td>1971</td>\n",
       "      <td>2389</td>\n",
       "      <td>757917</td>\n",
       "      <td>Urban</td>\n",
       "      <td>100</td>\n",
       "    </tr>\n",
       "  </tbody>\n",
       "</table>\n",
       "<p>100 rows × 5 columns</p>\n",
       "</div>"
      ],
      "text/plain": [
       "    Year_Built  Size_in_sq_ft  Price_in_USD Location  House_ID\n",
       "0         1974           2827        494070    Rural         1\n",
       "1         1967           3495        452228    Urban         2\n",
       "2         2015           2295        531839    Rural         3\n",
       "3         2003           1962        369536    Rural         4\n",
       "4         1984           2322        417824    Urban         5\n",
       "..         ...            ...           ...      ...       ...\n",
       "95        1974           2960        601157    Urban        96\n",
       "96        2007            801        284423    Urban        97\n",
       "97        2012           1441        616349    Rural        98\n",
       "98        2011           3067        803714    Urban        99\n",
       "99        1971           2389        757917    Urban       100\n",
       "\n",
       "[100 rows x 5 columns]"
      ]
     },
     "execution_count": 57,
     "metadata": {},
     "output_type": "execute_result"
    }
   ],
   "source": [
    "csv_1.sort_index(axis=1,ascending=False)"
   ]
  },
  {
   "cell_type": "code",
   "execution_count": 61,
   "id": "6522641b-9f82-418d-be43-5fd503ca9cbd",
   "metadata": {},
   "outputs": [
    {
     "name": "stdout",
     "output_type": "stream",
     "text": [
      "    House_ID Location  Size_in_sq_ft  Price_in_USD  Year_Built\n",
      "0          1    urban           2827        494070        1974\n",
      "1          2    Urban           3495        452228        1967\n",
      "2          3    Rural           2295        531839        2015\n",
      "3          4    Rural           1962        369536        2003\n",
      "4          5    Urban           2322        417824        1984\n",
      "..       ...      ...            ...           ...         ...\n",
      "95        96    Urban           2960        601157        1974\n",
      "96        97    Urban            801        284423        2007\n",
      "97        98    Rural           1441        616349        2012\n",
      "98        99    Urban           3067        803714        2011\n",
      "99       100    Urban           2389        757917        1971\n",
      "\n",
      "[100 rows x 5 columns]\n"
     ]
    },
    {
     "name": "stderr",
     "output_type": "stream",
     "text": [
      "C:\\Users\\ishig\\AppData\\Local\\Temp\\ipykernel_3092\\3169131418.py:1: FutureWarning: ChainedAssignmentError: behaviour will change in pandas 3.0!\n",
      "You are setting values through chained assignment. Currently this works in certain cases, but when using Copy-on-Write (which will become the default behaviour in pandas 3.0) this will never work to update the original DataFrame or Series, because the intermediate object on which we are setting values will behave as a copy.\n",
      "A typical example is when you are setting values in a column of a DataFrame, like:\n",
      "\n",
      "df[\"col\"][row_indexer] = value\n",
      "\n",
      "Use `df.loc[row_indexer, \"col\"] = values` instead, to perform the assignment in a single step and ensure this keeps updating the original `df`.\n",
      "\n",
      "See the caveats in the documentation: https://pandas.pydata.org/pandas-docs/stable/user_guide/indexing.html#returning-a-view-versus-a-copy\n",
      "\n",
      "  csv_1[\"Location\"][0]=\"urban\"\n",
      "C:\\Users\\ishig\\AppData\\Local\\Temp\\ipykernel_3092\\3169131418.py:1: SettingWithCopyWarning: \n",
      "A value is trying to be set on a copy of a slice from a DataFrame\n",
      "\n",
      "See the caveats in the documentation: https://pandas.pydata.org/pandas-docs/stable/user_guide/indexing.html#returning-a-view-versus-a-copy\n",
      "  csv_1[\"Location\"][0]=\"urban\"\n"
     ]
    }
   ],
   "source": [
    "csv_1[\"Location\"][0]=\"urban\"\n",
    "print(csv_1)\n"
   ]
  },
  {
   "cell_type": "code",
   "execution_count": 65,
   "id": "7a104edb-d7e4-4c30-8e8e-dfab7ac1a347",
   "metadata": {},
   "outputs": [
    {
     "data": {
      "text/html": [
       "<div>\n",
       "<style scoped>\n",
       "    .dataframe tbody tr th:only-of-type {\n",
       "        vertical-align: middle;\n",
       "    }\n",
       "\n",
       "    .dataframe tbody tr th {\n",
       "        vertical-align: top;\n",
       "    }\n",
       "\n",
       "    .dataframe thead th {\n",
       "        text-align: right;\n",
       "    }\n",
       "</style>\n",
       "<table border=\"1\" class=\"dataframe\">\n",
       "  <thead>\n",
       "    <tr style=\"text-align: right;\">\n",
       "      <th></th>\n",
       "      <th>House_ID</th>\n",
       "      <th>Location</th>\n",
       "      <th>Size_in_sq_ft</th>\n",
       "      <th>Price_in_USD</th>\n",
       "      <th>Year_Built</th>\n",
       "    </tr>\n",
       "  </thead>\n",
       "  <tbody>\n",
       "    <tr>\n",
       "      <th>99</th>\n",
       "      <td>100</td>\n",
       "      <td>Urban</td>\n",
       "      <td>2389</td>\n",
       "      <td>757917</td>\n",
       "      <td>1971</td>\n",
       "    </tr>\n",
       "    <tr>\n",
       "      <th>98</th>\n",
       "      <td>99</td>\n",
       "      <td>Urban</td>\n",
       "      <td>3067</td>\n",
       "      <td>803714</td>\n",
       "      <td>2011</td>\n",
       "    </tr>\n",
       "    <tr>\n",
       "      <th>97</th>\n",
       "      <td>98</td>\n",
       "      <td>Rural</td>\n",
       "      <td>1441</td>\n",
       "      <td>616349</td>\n",
       "      <td>2012</td>\n",
       "    </tr>\n",
       "    <tr>\n",
       "      <th>96</th>\n",
       "      <td>97</td>\n",
       "      <td>Urban</td>\n",
       "      <td>801</td>\n",
       "      <td>284423</td>\n",
       "      <td>2007</td>\n",
       "    </tr>\n",
       "    <tr>\n",
       "      <th>95</th>\n",
       "      <td>96</td>\n",
       "      <td>Urban</td>\n",
       "      <td>2960</td>\n",
       "      <td>601157</td>\n",
       "      <td>1974</td>\n",
       "    </tr>\n",
       "    <tr>\n",
       "      <th>...</th>\n",
       "      <td>...</td>\n",
       "      <td>...</td>\n",
       "      <td>...</td>\n",
       "      <td>...</td>\n",
       "      <td>...</td>\n",
       "    </tr>\n",
       "    <tr>\n",
       "      <th>4</th>\n",
       "      <td>5</td>\n",
       "      <td>Urban</td>\n",
       "      <td>2322</td>\n",
       "      <td>417824</td>\n",
       "      <td>1984</td>\n",
       "    </tr>\n",
       "    <tr>\n",
       "      <th>3</th>\n",
       "      <td>4</td>\n",
       "      <td>Rural</td>\n",
       "      <td>1962</td>\n",
       "      <td>369536</td>\n",
       "      <td>2003</td>\n",
       "    </tr>\n",
       "    <tr>\n",
       "      <th>2</th>\n",
       "      <td>3</td>\n",
       "      <td>Rural</td>\n",
       "      <td>2295</td>\n",
       "      <td>531839</td>\n",
       "      <td>2015</td>\n",
       "    </tr>\n",
       "    <tr>\n",
       "      <th>1</th>\n",
       "      <td>2</td>\n",
       "      <td>Urban</td>\n",
       "      <td>3495</td>\n",
       "      <td>452228</td>\n",
       "      <td>1967</td>\n",
       "    </tr>\n",
       "    <tr>\n",
       "      <th>0</th>\n",
       "      <td>1</td>\n",
       "      <td>urban</td>\n",
       "      <td>2827</td>\n",
       "      <td>494070</td>\n",
       "      <td>1974</td>\n",
       "    </tr>\n",
       "  </tbody>\n",
       "</table>\n",
       "<p>100 rows × 5 columns</p>\n",
       "</div>"
      ],
      "text/plain": [
       "    House_ID Location  Size_in_sq_ft  Price_in_USD  Year_Built\n",
       "99       100    Urban           2389        757917        1971\n",
       "98        99    Urban           3067        803714        2011\n",
       "97        98    Rural           1441        616349        2012\n",
       "96        97    Urban            801        284423        2007\n",
       "95        96    Urban           2960        601157        1974\n",
       "..       ...      ...            ...           ...         ...\n",
       "4          5    Urban           2322        417824        1984\n",
       "3          4    Rural           1962        369536        2003\n",
       "2          3    Rural           2295        531839        2015\n",
       "1          2    Urban           3495        452228        1967\n",
       "0          1    urban           2827        494070        1974\n",
       "\n",
       "[100 rows x 5 columns]"
      ]
     },
     "execution_count": 65,
     "metadata": {},
     "output_type": "execute_result"
    }
   ],
   "source": [
    "csv_1.sort_index(axis=0,ascending=False)"
   ]
  },
  {
   "cell_type": "code",
   "execution_count": 75,
   "id": "393959fc-f428-4069-90d7-8d33ab8ce296",
   "metadata": {},
   "outputs": [
    {
     "data": {
      "text/html": [
       "<div>\n",
       "<style scoped>\n",
       "    .dataframe tbody tr th:only-of-type {\n",
       "        vertical-align: middle;\n",
       "    }\n",
       "\n",
       "    .dataframe tbody tr th {\n",
       "        vertical-align: top;\n",
       "    }\n",
       "\n",
       "    .dataframe thead th {\n",
       "        text-align: right;\n",
       "    }\n",
       "</style>\n",
       "<table border=\"1\" class=\"dataframe\">\n",
       "  <thead>\n",
       "    <tr style=\"text-align: right;\">\n",
       "      <th></th>\n",
       "      <th>House_ID</th>\n",
       "      <th>Location</th>\n",
       "      <th>Size_in_sq_ft</th>\n",
       "      <th>Price_in_USD</th>\n",
       "      <th>Year_Built</th>\n",
       "    </tr>\n",
       "  </thead>\n",
       "  <tbody>\n",
       "    <tr>\n",
       "      <th>0</th>\n",
       "      <td>1</td>\n",
       "      <td>urban</td>\n",
       "      <td>2827</td>\n",
       "      <td>494070</td>\n",
       "      <td>1974</td>\n",
       "    </tr>\n",
       "    <tr>\n",
       "      <th>1</th>\n",
       "      <td>2</td>\n",
       "      <td>Urban</td>\n",
       "      <td>3495</td>\n",
       "      <td>452228</td>\n",
       "      <td>1967</td>\n",
       "    </tr>\n",
       "    <tr>\n",
       "      <th>2</th>\n",
       "      <td>3</td>\n",
       "      <td>urban</td>\n",
       "      <td>2295</td>\n",
       "      <td>531839</td>\n",
       "      <td>2015</td>\n",
       "    </tr>\n",
       "    <tr>\n",
       "      <th>3</th>\n",
       "      <td>4</td>\n",
       "      <td>Rural</td>\n",
       "      <td>1962</td>\n",
       "      <td>369536</td>\n",
       "      <td>2003</td>\n",
       "    </tr>\n",
       "    <tr>\n",
       "      <th>4</th>\n",
       "      <td>5</td>\n",
       "      <td>Urban</td>\n",
       "      <td>2322</td>\n",
       "      <td>417824</td>\n",
       "      <td>1984</td>\n",
       "    </tr>\n",
       "    <tr>\n",
       "      <th>...</th>\n",
       "      <td>...</td>\n",
       "      <td>...</td>\n",
       "      <td>...</td>\n",
       "      <td>...</td>\n",
       "      <td>...</td>\n",
       "    </tr>\n",
       "    <tr>\n",
       "      <th>95</th>\n",
       "      <td>96</td>\n",
       "      <td>Urban</td>\n",
       "      <td>2960</td>\n",
       "      <td>601157</td>\n",
       "      <td>1974</td>\n",
       "    </tr>\n",
       "    <tr>\n",
       "      <th>96</th>\n",
       "      <td>97</td>\n",
       "      <td>Urban</td>\n",
       "      <td>801</td>\n",
       "      <td>284423</td>\n",
       "      <td>2007</td>\n",
       "    </tr>\n",
       "    <tr>\n",
       "      <th>97</th>\n",
       "      <td>98</td>\n",
       "      <td>Rural</td>\n",
       "      <td>1441</td>\n",
       "      <td>616349</td>\n",
       "      <td>2012</td>\n",
       "    </tr>\n",
       "    <tr>\n",
       "      <th>98</th>\n",
       "      <td>99</td>\n",
       "      <td>Urban</td>\n",
       "      <td>3067</td>\n",
       "      <td>803714</td>\n",
       "      <td>2011</td>\n",
       "    </tr>\n",
       "    <tr>\n",
       "      <th>99</th>\n",
       "      <td>100</td>\n",
       "      <td>Urban</td>\n",
       "      <td>2389</td>\n",
       "      <td>757917</td>\n",
       "      <td>1971</td>\n",
       "    </tr>\n",
       "  </tbody>\n",
       "</table>\n",
       "<p>100 rows × 5 columns</p>\n",
       "</div>"
      ],
      "text/plain": [
       "    House_ID Location  Size_in_sq_ft  Price_in_USD  Year_Built\n",
       "0          1    urban           2827        494070        1974\n",
       "1          2    Urban           3495        452228        1967\n",
       "2          3    urban           2295        531839        2015\n",
       "3          4    Rural           1962        369536        2003\n",
       "4          5    Urban           2322        417824        1984\n",
       "..       ...      ...            ...           ...         ...\n",
       "95        96    Urban           2960        601157        1974\n",
       "96        97    Urban            801        284423        2007\n",
       "97        98    Rural           1441        616349        2012\n",
       "98        99    Urban           3067        803714        2011\n",
       "99       100    Urban           2389        757917        1971\n",
       "\n",
       "[100 rows x 5 columns]"
      ]
     },
     "execution_count": 75,
     "metadata": {},
     "output_type": "execute_result"
    }
   ],
   "source": [
    "csv_1.loc[2,\"Location\"]=\"urban\"\n",
    "csv_1"
   ]
  },
  {
   "cell_type": "code",
   "execution_count": 83,
   "id": "bebd11cf-37dd-4dc4-b788-6e1eea853ba7",
   "metadata": {},
   "outputs": [
    {
     "data": {
      "text/html": [
       "<div>\n",
       "<style scoped>\n",
       "    .dataframe tbody tr th:only-of-type {\n",
       "        vertical-align: middle;\n",
       "    }\n",
       "\n",
       "    .dataframe tbody tr th {\n",
       "        vertical-align: top;\n",
       "    }\n",
       "\n",
       "    .dataframe thead th {\n",
       "        text-align: right;\n",
       "    }\n",
       "</style>\n",
       "<table border=\"1\" class=\"dataframe\">\n",
       "  <thead>\n",
       "    <tr style=\"text-align: right;\">\n",
       "      <th></th>\n",
       "      <th>House_ID</th>\n",
       "      <th>Location</th>\n",
       "    </tr>\n",
       "  </thead>\n",
       "  <tbody>\n",
       "    <tr>\n",
       "      <th>2</th>\n",
       "      <td>3</td>\n",
       "      <td>urban</td>\n",
       "    </tr>\n",
       "    <tr>\n",
       "      <th>3</th>\n",
       "      <td>4</td>\n",
       "      <td>Rural</td>\n",
       "    </tr>\n",
       "  </tbody>\n",
       "</table>\n",
       "</div>"
      ],
      "text/plain": [
       "   House_ID Location\n",
       "2         3    urban\n",
       "3         4    Rural"
      ]
     },
     "execution_count": 83,
     "metadata": {},
     "output_type": "execute_result"
    }
   ],
   "source": [
    "csv_1.loc[[2,3],[\"House_ID\"\t,\"Location\"]]\n"
   ]
  },
  {
   "cell_type": "code",
   "execution_count": 107,
   "id": "f531a301-c881-4f81-802c-399516abe5c5",
   "metadata": {},
   "outputs": [
    {
     "data": {
      "text/html": [
       "<div>\n",
       "<style scoped>\n",
       "    .dataframe tbody tr th:only-of-type {\n",
       "        vertical-align: middle;\n",
       "    }\n",
       "\n",
       "    .dataframe tbody tr th {\n",
       "        vertical-align: top;\n",
       "    }\n",
       "\n",
       "    .dataframe thead th {\n",
       "        text-align: right;\n",
       "    }\n",
       "</style>\n",
       "<table border=\"1\" class=\"dataframe\">\n",
       "  <thead>\n",
       "    <tr style=\"text-align: right;\">\n",
       "      <th></th>\n",
       "      <th>House_ID</th>\n",
       "      <th>Location</th>\n",
       "    </tr>\n",
       "  </thead>\n",
       "  <tbody>\n",
       "    <tr>\n",
       "      <th>0</th>\n",
       "      <td>1</td>\n",
       "      <td>urban</td>\n",
       "    </tr>\n",
       "    <tr>\n",
       "      <th>1</th>\n",
       "      <td>2</td>\n",
       "      <td>Urban</td>\n",
       "    </tr>\n",
       "    <tr>\n",
       "      <th>2</th>\n",
       "      <td>3</td>\n",
       "      <td>urban</td>\n",
       "    </tr>\n",
       "    <tr>\n",
       "      <th>3</th>\n",
       "      <td>4</td>\n",
       "      <td>Rural</td>\n",
       "    </tr>\n",
       "    <tr>\n",
       "      <th>4</th>\n",
       "      <td>5</td>\n",
       "      <td>Urban</td>\n",
       "    </tr>\n",
       "    <tr>\n",
       "      <th>...</th>\n",
